anim={[1]={["Lg"]=CFrame.new(-0.395029485,0.202020049,0.221028447,0.939605415,0.0698942319,0.335047305,-0.0552019216,0.997057557,-0.0531882867,-0.337779015,0.0314807817,0.940698862),["To"]=CFrame.new(0.337011278,-0.216487035,-0.0759437233,0.994290054,0.00679435115,0.106494859,0.0105532212,0.986818194,-0.161489025,-0.106188267,0.161690801,0.981111705),["Ht"]=CFrame.new(0,0,0,1,0,0,0,1,0,0,0,1),["Lm"]=CFrame.new(-0.110714123,0.113250583,0.1378389,0.73389256,0.572556734,0.365486652,-0.632555425,0.37998265,0.674897611,0.247538581,-0.726492941,0.641040325),["Rm"]=CFrame.new(0.112421542,0.139245018,0.152445555,0.201859117,-0.573532641,-0.793922663,0.967182934,0.244440034,0.0693271905,0.154304966,-0.781862795,0.604053557),["Rg"]=CFrame.new(0.654001832,-0.00384747982,0.197937012,-0.133936584,0.990543664,-0.0297390334,-0.810954452,-0.0923067555,0.577782333,0.569573402,0.101503164,0.815648973),["Hd"]=CFrame.new(8.56816769e-08,1.3038516e-08,0.0182943642,0.996258438,-0.0278075077,-0.0818286017,0.023058895,0.998026073,-0.0584147722,0.0832914338,0.0563093089,0.994933069)},[2]={["Lg"]=CFrame.new(-0.677193582,0.441290677,0.391086191,0.850801051,-0.204467788,0.484076977,0.141954839,0.976375222,0.162911922,-0.505951107,-0.0698885545,0.859726191),["To"]=CFrame.new(0.412431836,-0.0955328867,-0.31036216,0.999899626,-0.00279112183,0.0138922278,0.00368345506,0.997902691,-0.0646273121,-0.0136827063,0.0646719858,0.997812867),["Ht"]=CFrame.new(0,0,0,1,0,0,0,1,0,0,0,1),["Lm"]=CFrame.new(-0.157500356,-0.692478418,0.0618011355,0.386948913,0.743009567,0.54608357,-0.903042674,0.185567826,0.387399703,0.186506107,-0.643040717,0.742774725),["Rm"]=CFrame.new(-0.294938982,-0.823973417,-0.0337060243,0.0806961581,-0.907155275,0.412985981,0.793721974,0.309107542,0.523887455,-0.60290432,0.285520226,0.744972825),["Rg"]=CFrame.new(0.0705200136,0.381085813,0.0131100938,0.79447484,-0.0386464857,-0.606066108,0.257362127,0.925353408,0.278362542,0.550067663,-0.377130598,0.745116234),["Hd"]=CFrame.new(3.7252903e-08,3.7252903e-09,0.0182946324,0.998929918,0.00895070378,-0.0453769304,-0.0125350431,0.996769428,-0.0793318972,0.0445202738,0.0798157752,0.995814919)},[3]={["Lg"]=CFrame.new(-0.782152116,0.123742342,0.170474559,0.953323662,-0.266884774,0.141232565,0.277701467,0.95859617,-0.0630501732,-0.118557915,0.0993276983,0.987966597),["To"]=CFrame.new(0.259840161,-0.0642730221,-0.186043024,0.996038496,-0.08836665,-0.00993301161,0.0861562565,0.98665452,-0.138166294,0.0220097415,0.136763141,0.990359247),["Ht"]=CFrame.new(0,0,0,1,0,0,0,1,0,0,0,1),["Lm"]=CFrame.new(-0.148608923,-0.445643157,0.186115921,-0.162053123,0.957324564,0.239308625,-0.910759151,-0.238446906,0.337136418,0.379811257,-0.163318485,0.910533011),["Rm"]=CFrame.new(0.378711879,-0.444181919,-0.158141911,-0.411262602,-0.786588848,-0.46058771,0.853817761,-0.509353578,0.107489757,-0.319152296,-0.349051654,0.881081641),["Rg"]=CFrame.new(0.91724205,0.23009032,-0.123851448,0.936920583,0.294811308,0.187792853,-0.317290783,0.942711413,0.103061981,-0.146650538,-0.156145841,0.976786613),["Hd"]=CFrame.new(9.82545316e-08,3.7252903e-08,0.0182945132,0.997425497,0.0710432157,0.00976068806,-0.0704514086,0.996186972,-0.0514594913,-0.0133793186,0.0506393388,0.998627424)},[4]={["Lg"]=CFrame.new(-0.450203091,0.193908095,0.306139499,0.700900078,-0.32065019,0.637120426,0.426367044,0.904444098,-0.0138602313,-0.571795583,0.281361848,0.770639658),["To"]=CFrame.new(0.128658861,0.0239250734,-0.206132397,0.991692722,0.0953716636,-0.0863121599,-0.102542713,0.991271794,-0.0828579068,0.0776565075,0.0910202712,0.992816567),["Ht"]=CFrame.new(0,0,0,1,0,0,0,1,0,0,0,1),["Lm"]=CFrame.new(0.36572817,-0.113456562,-0.0738688707,0.60481292,-0.793834329,0.0634696931,0.517217398,0.452160656,0.726661503,-0.605547369,-0.406666696,0.684057534),["Rm"]=CFrame.new(-0.225915849,-0.502911747,-0.078905791,0.151900962,-0.988136113,0.0226518847,0.848942816,0.118698299,-0.514982402,0.506183982,0.0974564105,0.856901407),["Rg"]=CFrame.new(0.604196072,0.159154117,0.192764968,0.831878483,0.436908811,-0.342182428,-0.422422886,0.89839977,0.12015292,0.359912515,0.0445929617,0.931919873),["Hd"]=CFrame.new(1.1920929e-07,1.49011612e-08,0.018294096,0.993846416,-0.0793308541,0.0773042068,0.0845615268,0.994168878,-0.0669162795,-0.0715449154,0.0730414763,0.99475944)},[5]={["Lg"]=CFrame.new(-0.369922042,0.737997532,0.397901654,0.634530306,-0.321997494,0.702630103,0.361474574,0.927168965,0.0984578207,-0.683159888,0.191508472,0.704710603),["To"]=CFrame.new(0.0697713196,0.0430652834,-0.813143075,0.999376535,0.0252454262,-0.0246824287,-0.0266553834,0.997927368,-0.0585705265,0.0231526326,0.0591919273,0.997978091),["Ht"]=CFrame.new(0,0,0,1,0,0,0,1,0,0,0,1),["Lm"]=CFrame.new(-0.00527536869,-0.620834827,-0.645595074,7.95778105e-05,0.776833475,-0.629706144,-0.932041645,-0.228117406,-0.28153342,-0.362351477,0.586934626,0.724022865),["Rm"]=CFrame.new(0.299044728,-0.41373083,-0.494736582,-0.439884812,0.0256066136,0.897689104,0.832973957,-0.361958265,0.418498099,0.335642338,0.931842566,0.137890279),["Rg"]=CFrame.new(0.513103068,0.66287303,0.414271593,0.774473369,0.329808235,-0.539830923,-0.424910575,0.903396308,-0.0576745532,0.468659669,0.274047136,0.839795351),["Hd"]=CFrame.new(8.19563866e-08,-1.49011612e-08,0.0182945728,0.998968422,-0.000598660612,0.0454069525,0.00583562814,0.993314743,-0.115289636,-0.0450343862,0.115435652,0.992293596)},[6]={["Lg"]=CFrame.new(-0.515360475,0.380426705,-0.0732486099,0.984287441,-0.124976374,0.124736637,0.0613417961,0.904450536,0.422144949,-0.16557622,-0.407860398,0.897905529),["To"]=CFrame.new(0.223175347,0.35623908,-0.139455095,0.94480902,-0.294387251,0.143778488,0.289267629,0.9556216,0.0557815358,-0.153819218,-0.0111124348,0.988036513),["Ht"]=CFrame.new(0,0,0,1,0,0,0,1,0,0,0,1),["Lm"]=CFrame.new(-0.554279506,0.187738717,0.0137830377,-0.969545245,-0.0681832805,0.235230133,0.178561285,-0.85416168,0.488389015,0.167624578,0.515518069,0.84032321),["Rm"]=CFrame.new(0.558034837,0.0712305307,-0.151176393,-0.962421656,-0.0977539197,0.253354967,0.204774767,-0.874008536,0.440654576,0.178358704,0.475976348,0.861182272),["Rg"]=CFrame.new(0.481362045,0.0789092183,-0.0138650835,0.979584992,0.200283632,-0.0173141621,-0.198828638,0.977967739,0.0636109859,0.0296730679,-0.0588698089,0.997824609),["Hd"]=CFrame.new(3.91155481e-08,5.96046448e-08,0.0182944238,0.977159262,-0.207612962,-0.0453507453,0.211093783,0.923709571,0.319687545,-0.0244803261,-0.32195884,0.94643718)},[7]={["Lg"]=CFrame.new(0.0854392648,0.328576088,0.0519620627,0.372936636,0.248042896,0.894087791,-0.0252623912,0.965962529,-0.257445514,-0.927512944,0.073424086,0.36650905),["To"]=CFrame.new(0.112916224,0.165521085,-0.116519928,0.998897135,0.0341701731,-0.0322040506,-0.033617001,0.999280453,0.0175650604,0.0327810831,-0.0164630823,0.999326944),["Ht"]=CFrame.new(0,0,0,1,0,0,0,1,0,0,0,1),["Lm"]=CFrame.new(0.314474106,-0.773721874,-0.00105330348,-0.614026845,0.706421018,0.352051765,-0.655380607,-0.704881191,0.271328032,0.439826459,-0.0641253218,0.895790637),["Rm"]=CFrame.new(-0.067699939,-0.708722234,-0.212449282,-0.64280498,-0.759989142,-0.0960111469,0.638930917,-0.601064265,0.480092824,-0.422574311,0.247261524,0.871947646),["Rg"]=CFrame.new(-0.156372607,0.183404326,-0.0443157256,0.761958301,0.0234583449,-0.647201121,0.123810723,0.975635171,0.181126773,0.635681152,-0.218141556,0.740488946),["Hd"]=CFrame.new(9.31322575e-08,1.49011612e-08,0.018294245,0.988529623,-0.139647126,0.0575155318,0.150992125,0.905567825,-0.396419376,0.00327461888,0.400556773,0.916266143)},[8]={["Lg"]=CFrame.new(-0.777131021,0.407493353,-0.0285208672,0.960052073,0.271565765,-0.0674689636,-0.203212231,0.842396796,0.499071538,0.192366377,-0.46542421,0.863930345),["To"]=CFrame.new(0.293990344,0.0736429021,-0.212799534,0.991060376,-0.118286915,0.0617053322,0.124006748,0.987328231,-0.0990216359,-0.0492104553,0.105788298,0.993170261),["Ht"]=CFrame.new(0,0,0,1,0,0,0,1,0,0,0,1),["Lm"]=CFrame.new(-0.283640981,-0.491015375,-0.324716598,-0.0315500274,0.70276022,-0.710727036,-0.987905145,-0.129933164,-0.0846223161,-0.151816145,0.699460924,0.698359728),["Rm"]=CFrame.new(-0.19281885,-0.426421613,-0.267334312,0.283288985,-0.842807293,0.457627714,0.907478809,0.389920413,0.15634726,-0.310208976,0.370995969,0.875289857),["Rg"]=CFrame.new(-0.0953734219,0.287944794,0.000353574753,0.763775229,0.020165531,-0.645167112,0.149809822,0.966681659,0.207565874,0.62785697,-0.255186141,0.735306621),["Hd"]=CFrame.new(1.09896064e-07,2.60770321e-08,0.018294394,0.994307458,0.102008268,0.0307754595,-0.0987523198,0.990726233,-0.0933248848,-0.0400099605,0.0897544697,0.995159984)},[0.5]={["Lg"]=CFrame.new(-0.484277129,0.242444575,0.20779711,0.815338194,-0.424946994,0.393247694,0.355315924,0.903505206,0.239643216,-0.457137018,-0.0556630343,0.887652755),["To"]=CFrame.new(-0.0744038746,0.0508953109,-0.21564652,0.999897242,0.000456747424,0.0143289575,-0.00138133299,0.997911453,0.064582333,-0.0142695326,-0.0645954907,0.997809529),["Ht"]=CFrame.new(0,0,0,1,0,0,0,1,0,0,0,1),["Lm"]=CFrame.new(-0.372485399,-0.711677909,-0.369159341,-0.399304509,0.0317988433,-0.916266799,-0.857033849,0.342037559,0.385361463,0.325651735,0.939148188,-0.10932453),["Rm"]=CFrame.new(0.302482903,-0.191596031,-0.814595699,-0.222102404,-0.431798518,0.874197185,0.972753465,-0.0369868316,0.228872865,-0.0664931312,0.901211381,0.428248256),["Rg"]=CFrame.new(0.201523334,0.292106867,-0.03975299,0.909125924,0.270419508,-0.316801608,-0.168105543,0.934107423,0.314934671,0.381091297,-0.233059257,0.894680381),["Hd"]=CFrame.new(8.94069672e-08,-1.49011612e-08,0.0182942152,0.999478936,-0.0288221706,0.0145296836,0.031606473,0.965239346,-0.259449571,-0.00654672273,0.259773642,0.96564734)},[0.16666667163372]={["Lg"]=CFrame.new(-0.207369849,0.110736012,0.263081849,0.590038776,-0.546649933,0.594161749,0.499501258,0.825331509,0.263299197,-0.634312868,0.1414278,0.760029912),["To"]=CFrame.new(-0.0231120735,0.059446726,-0.26526168,0.852476478,0.518993437,-0.062687777,-0.514481664,0.854177058,0.075433515,0.0926959515,-0.0320535861,0.995178401),["Ht"]=CFrame.new(0,0,0,1,0,0,0,1,0,0,0,1),["Lm"]=CFrame.new(-0.515690982,-0.427837133,-0.343852639,-0.435351551,0.558782756,-0.705854833,-0.748931289,0.210290879,0.628394544,0.499570787,0.802209258,0.326939255),["Rm"]=CFrame.new(0.212707996,-0.534032404,-0.53757453,0.000244149938,-0.43703118,0.899446487,0.901941776,0.388529301,0.188537195,-0.431857765,0.811202168,0.394271463),["Rg"]=CFrame.new(0.47118789,0.604326546,-0.0252508968,0.949410081,0.143982485,-0.279087067,-0.0693223774,0.962867081,0.260924459,0.306292176,-0.228377387,0.924136817),["Hd"]=CFrame.new(1.78813934e-07,-2.98023224e-08,0.0182942748,0.869814575,-0.473659217,0.138092518,0.49278447,0.847778559,-0.196048722,-0.0242115743,0.238575816,0.970822096)},[1.5]={["Lg"]=CFrame.new(-0.20624356,0.350807548,0.281347752,0.60365957,-0.228893623,0.763677359,0.0251213107,0.962884247,0.268743515,-0.79684633,-0.143044993,0.587004304),["To"]=CFrame.new(0.152361661,-0.0980110765,-0.283744335,0.981190741,0.188090056,-0.0434384085,-0.188732207,0.981965363,-0.01115184,0.040557459,0.0191403106,0.998993874),["Ht"]=CFrame.new(0,0,0,1,0,0,0,1,0,0,0,1),["Lm"]=CFrame.new(-0.285167336,-0.295048594,-0.772354543,-0.538917124,0.610258102,-0.580649257,-0.728306949,0.00878417306,0.685194612,0.423246145,0.792154014,0.439721286),["Rm"]=CFrame.new(0.0956374407,0.0350062549,0.291416228,0.831765115,-0.137126371,-0.537924945,0.554894507,0.233468115,0.798489094,0.0160943232,-0.962646842,0.270281374),["Rg"]=CFrame.new(0.261654794,0.433661878,-0.023355186,0.924010277,-0.051581189,-0.378872633,0.170438126,0.942539394,0.287350714,0.342280537,-0.33008939,0.879707396),["Hd"]=CFrame.new(4.84287739e-08,0,0.0182938576,0.988237679,-0.13797614,0.0659467205,0.139529541,0.990025163,-0.0195374303,-0.0625932142,0.0285091288,0.997631907)},[2.5]={["Lg"]=CFrame.new(-1.19023132,0.373056769,0.0396827757,0.935685933,-0.312356204,-0.164090171,0.32697022,0.942396998,0.0705583319,0.132598713,-0.119673111,0.983918667),["To"]=CFrame.new(0.189567953,-0.0185612142,-0.117362976,0.999699414,-0.020047769,0.0141137335,0.0214621518,0.99386853,-0.10846556,-0.011852704,0.108735867,0.994000018),["Ht"]=CFrame.new(0,0,0,1,0,0,0,1,0,0,0,1),["Lm"]=CFrame.new(0.510775745,0.00384402275,0.300664485,-0.37593174,0.81020236,0.44971925,-0.275902838,-0.561173201,0.78036046,0.884620309,0.169283465,0.43449983),["Rm"]=CFrame.new(-0.436899662,-0.0247923732,0.192732528,-0.459917903,-0.76018697,-0.458902389,0.408169597,-0.639957964,0.651038706,-0.788589299,0.112114154,0.604613364),["Rg"]=CFrame.new(0.672532797,0.106599689,0.366845846,0.761012435,0.494666755,-0.419719905,-0.564896166,0.823406339,-0.0538010634,0.318986475,0.278041393,0.906057835),["Hd"]=CFrame.new(8.56816769e-08,-1.11758709e-08,0.018294394,0.999111414,0.0110517787,-0.0406740531,-0.0142694637,0.996717632,-0.0796890706,0.0396598466,0.0801986456,0.995989561)},[8.3000001907349]={["Lg"]=CFrame.new(-0.628940105,0.131242156,0.109216422,0.942362905,0.330600739,-0.0515301153,-0.319238484,0.934510291,0.157408267,0.10019467,-0.13188529,0.986188352),["To"]=CFrame.new(-0.0279687699,0.0677518323,-0.389521629,0.952661574,-0.14700377,-0.266131312,0.122511297,0.986736834,-0.10649702,0.278257012,0.0688515306,0.958035767),["Ht"]=CFrame.new(0,0,0,1,0,0,0,1,0,0,0,1),["Lm"]=CFrame.new(0.310063481,-0.161155522,-0.162975401,0.760114133,0.621665597,0.189099178,-0.581109941,0.780569315,-0.23026672,-0.290753871,0.0651415437,0.954577863),["Rm"]=CFrame.new(0.201831877,-0.392679662,-0.455222517,0.336684823,-0.42022717,0.842646182,0.905950963,0.388529807,-0.168219104,-0.25670284,0.820032835,0.511517107),["Rg"]=CFrame.new(0.108723313,0.711243749,-0.157862097,0.755827725,0.177944273,-0.630127132,0.248946801,0.811995089,0.527910531,0.605598807,-0.555877626,0.569429755),["Hd"]=CFrame.new(-9.68575478e-08,-4.47034836e-08,0.0182942748,0.974799573,0.155071229,0.160370722,-0.139908388,0.984903395,-0.101936035,-0.173757061,0.0769299716,0.981779218)},[3.5]={["Lg"]=CFrame.new(-0.671260595,0.333266735,-0.00193583965,0.99080193,0.134031147,0.0186386406,-0.134371713,0.990760207,0.018401172,-0.016000133,-0.0207364187,0.999656975),["To"]=CFrame.new(0.220415398,0.298789084,-0.198212832,0.999600351,0.0257200152,-0.0117297182,-0.0280504674,0.953902721,-0.298802197,0.00350381434,0.299011827,0.954243004),["Ht"]=CFrame.new(0,0,0,1,0,0,0,1,0,0,0,1),["Lm"]=CFrame.new(-0.426108807,0.188080311,0.0859143063,-0.847841382,0.453017086,-0.275573343,-0.512644172,-0.567491889,0.644320488,0.135502622,0.687552631,0.713379681),["Rm"]=CFrame.new(0.603647888,-0.195859313,0.227050781,-0.750875473,-0.242051035,-0.614489496,-0.152193934,-0.841961682,0.517627001,-0.642668664,0.482194901,0.595369697),["Rg"]=CFrame.new(0.450097144,0.228727281,0.257866144,0.937621236,-0.0822033808,-0.337800413,0.00262868335,0.973292649,-0.229553357,0.34764877,0.214346126,0.912795782),["Hd"]=CFrame.new(8.94069672e-08,-6.70552254e-08,0.0182941854,0.999844313,-0.0150191505,-0.00926219299,0.0123329181,0.970215201,-0.241930634,0.0126199108,0.241778716,0.970249355)},[0.66666668653488]={["Lg"]=CFrame.new(-0.399429768,0.208584309,0.229049087,0.825536191,-0.34355697,0.447725892,0.290603757,0.93886745,0.18460077,-0.483776331,-0.0222837962,0.87490809),["To"]=CFrame.new(0.0148825031,-0.00720583275,-0.127857938,0.999056995,-0.0119452402,0.0417424627,0.0115981856,0.999896228,0.00854649208,-0.041840218,-0.00805429649,0.999091864),["Ht"]=CFrame.new(0,0,0,1,0,0,0,1,0,0,0,1),["Lm"]=CFrame.new(-0.335473448,-0.510784686,-0.197758138,0.67363894,0.731196463,0.107528321,-0.723841846,0.682120681,-0.103751548,-0.149210095,-0.00794246327,0.988773644),["Rm"]=CFrame.new(0.167020246,-0.421459198,-0.187678844,0.80182451,-0.552339375,-0.228032142,0.588731527,0.79554975,0.143163547,0.102336042,-0.24904187,0.963070929),["Rg"]=CFrame.new(0.471316755,0.40104121,-0.0165338814,0.842809021,0.458867997,-0.281270474,-0.360753953,0.869463205,0.337476373,0.39941144,-0.182958737,0.898329973),["Hd"]=CFrame.new(9.03382897e-08,-2.98023224e-08,0.0182945132,0.999466419,-0.0210866015,-0.0249431264,0.0121373702,0.948769689,-0.3157354,0.0303230621,0.315264195,0.948519409)},[1.3333333730698]={["Lg"]=CFrame.new(-0.422373772,0.335813761,0.298671931,0.813123703,-0.189401552,0.550415099,0.0939588398,0.975889623,0.197005644,-0.574457586,-0.108473554,0.81131506),["To"]=CFrame.new(0.394500226,-0.149357229,-0.220051035,0.986451209,0.162900954,-0.0194242131,-0.163919136,0.983518124,-0.0763063356,0.00667369086,0.0784564763,0.996895194),["Ht"]=CFrame.new(0,0,0,1,0,0,0,1,0,0,0,1),["Lm"]=CFrame.new(-0.2630018,-0.764748573,-0.850506544,-0.657863557,0.342267781,-0.670871437,-0.561978102,0.369935095,0.739816666,0.501394272,0.863713443,-0.0510199592),["Rm"]=CFrame.new(0.0151203834,-0.165102065,-0.0824318826,0.998867512,-0.0209939405,0.0426965952,0.0168506671,0.995316923,0.0951857865,-0.0444949828,-0.0943586081,0.994543493),["Rg"]=CFrame.new(-0.109298408,0.216651678,-0.000679522753,0.808825195,-0.239978731,-0.53685379,0.345389336,0.932743609,0.10341917,0.475928575,-0.269071639,0.837312639),["Hd"]=CFrame.new(1.08033419e-07,2.23517418e-08,0.018294245,0.991069376,-0.123121828,0.0512119345,0.126857609,0.988885105,-0.0775473937,-0.0410949402,0.083351478,0.995672524)},[1.8333333730698]={["Lg"]=CFrame.new(-0.712694705,0.368667305,0.369884491,0.870567262,-0.253519893,0.421711177,0.207007229,0.966218948,0.15352203,-0.446386248,-0.0463540033,0.893639028),["To"]=CFrame.new(0.4960576,-0.124460757,-0.276923656,0.99983871,0.0144114457,0.0107191224,-0.0138960937,0.998812735,-0.046690654,-0.0113792755,0.0465341657,0.998851895),["Ht"]=CFrame.new(0,0,0,1,0,0,0,1,0,0,0,1),["Lm"]=CFrame.new(-0.114415921,-0.210301876,0.314092696,0.639465928,0.370903581,0.673434436,-0.744594693,0.0806286708,0.662629485,0.191473469,-0.92516464,0.327732176),["Rm"]=CFrame.new(0.447244406,-0.427899867,-0.523587108,-0.598505318,-0.302821815,0.741680861,0.753919721,0.10017889,0.649283767,-0.270917863,0.947767496,0.16834566),["Rg"]=CFrame.new(-0.0102599561,0.307422638,-0.0528069846,0.788378537,-0.052824311,-0.612918198,0.31252405,0.892558873,0.325065345,0.529894292,-0.447826385,0.720183194),["Hd"]=CFrame.new(6.51925802e-08,-4.09781933e-08,0.0182941258,0.99913615,-0.00489863195,-0.0412660651,0.00163988129,0.996902108,-0.0786358044,0.0415234342,0.0785001889,0.996048987)},[2.1666667461395]={["Lg"]=CFrame.new(-0.434040874,-0.0482053161,0.515854955,0.77422756,-0.00965059362,0.632833779,0.298137546,0.887559533,-0.351215243,-0.558288157,0.460592061,0.690050244),["To"]=CFrame.new(0.2799761,-0.0357491262,0.0114681739,0.999818325,-0.0109592555,0.0155950738,0.0120795472,0.997210562,-0.0736557618,-0.01474436,0.073830761,0.997161806),["Ht"]=CFrame.new(0,0,0,1,0,0,0,1,0,0,0,1),["Lm"]=CFrame.new(-0.10596773,0.0734302998,0.22503233,0.166226774,0.689120412,0.705323875,-0.760353267,-0.365868598,0.5366593,0.627878606,-0.625502467,0.463157833),["Rm"]=CFrame.new(-0.321610302,-0.222630292,0.0841398835,0.0969801247,-0.625011384,-0.774568081,0.783224285,-0.432276338,0.446874708,-0.614129126,-0.649998486,0.447601825),["Rg"]=CFrame.new(0.400388569,-0.060660243,0.345653236,0.765211225,0.356133789,-0.536302567,-0.493805617,0.85918057,-0.134033188,0.413047016,0.367392957,0.833315432),["Hd"]=CFrame.new(8.19563866e-08,2.79396772e-08,0.0182949305,0.998826563,0.0133355455,-0.0465580635,-0.0162222274,0.997932851,-0.0621850975,0.0456325337,0.0628673956,0.996978164)},[2.6666667461395]={["Lg"]=CFrame.new(-0.94329685,0.129754066,0.0333098024,0.883520305,-0.415632367,-0.215967044,0.463856757,0.840420485,0.280232459,0.0650294274,-0.347769052,0.935322464),["To"]=CFrame.new(0.141486764,-0.0282279216,-0.228953615,0.999856293,-0.00667486154,-0.0155898444,0.00477016065,0.992863119,-0.119164094,0.0162739884,0.119072586,0.992752194),["Ht"]=CFrame.new(0,0,0,1,0,0,0,1,0,0,0,1),["Lm"]=CFrame.new(0.491280019,-0.173238859,0.183119416,-0.523142874,0.47000894,0.710924149,-0.641450465,-0.766381443,0.0346532054,0.561126471,-0.437894136,0.702414393),["Rm"]=CFrame.new(-0.380938053,-0.15157795,0.106148928,-0.616595209,-0.475903839,-0.627157032,0.406850576,-0.874611616,0.26368019,-0.674005151,-0.0925753713,0.732903004),["Rg"]=CFrame.new(0.588548422,0.216738462,0.0693665445,0.923387885,0.364637226,-0.119977236,-0.323792696,0.907735884,0.266784459,0.206187263,-0.20749785,0.956259131),["Hd"]=CFrame.new(5.3551048e-08,-6.70552254e-08,0.0182940066,0.999945402,0.00458016619,-0.0094020078,-0.00541771762,0.995828629,-0.0910827443,0.00894561131,0.091128692,0.995799005)},[3.1666667461395]={["Lg"]=CFrame.new(-0.507682264,0.176619232,0.161712289,0.902418792,-0.204026684,0.379490942,0.200334325,0.978467882,0.0496666841,-0.381453097,0.031204883,0.923861325),["To"]=CFrame.new(0.261476398,-0.076491937,-0.166518688,0.939970076,-0.337496579,0.0505208299,0.341220111,0.92733705,-0.153671205,0.00501366146,0.16168505,0.986829698),["Ht"]=CFrame.new(0,0,0,1,0,0,0,1,0,0,0,1),["Lm"]=CFrame.new(-0.136220515,-0.490090013,0.123308599,-0.647663414,0.757051289,0.0860547274,-0.720835984,-0.645403922,0.252684504,0.246835172,0.101623073,0.963714242),["Rm"]=CFrame.new(0.0462676585,-0.409716696,-0.180942625,-0.607147574,-0.236039028,-0.758720934,0.599665344,-0.762583673,-0.242626369,-0.521318972,-0.602288663,0.604545295),["Rg"]=CFrame.new(0.81101799,0.298567116,-0.0616441071,0.983736277,0.154254273,0.0920245871,-0.163256779,0.981504917,0.099976927,-0.074900642,-0.113374636,0.99072504),["Hd"]=CFrame.new(1.15483999e-07,-1.39698386e-09,0.0182946026,0.960113049,0.277829736,-0.0315234885,-0.278325051,0.960405469,-0.0125077255,0.0268003158,0.0207826179,0.999424756)},[3.6666667461395]={["Lg"]=CFrame.new(-0.245233893,0.2485165,0.0020698607,0.473312229,0.865858078,0.162066251,-0.869329989,0.488838971,-0.0728136674,-0.142270625,-0.106425442,0.984089851),["To"]=CFrame.new(0.198714301,0.361513942,-0.258465528,0.999964654,-0.00800190028,-0.00258449675,0.00687064044,0.954690635,-0.297520757,0.00484812586,0.297492474,0.954711854),["Ht"]=CFrame.new(0,0,0,1,0,0,0,1,0,0,0,1),["Lm"]=CFrame.new(-0.415253162,0.209468424,0.00902724266,-0.811644435,0.505929053,-0.292008609,-0.579286695,-0.761486411,0.290801615,-0.0752356201,0.40518406,0.911134124),["Rm"]=CFrame.new(0.21039933,0.344047189,0.0386569649,-0.332386285,-0.834204555,0.44002527,0.933282733,-0.358208179,0.0258882176,0.136024565,0.419272751,0.897612095),["Rg"]=CFrame.new(0.491414607,-0.00467693806,0.118583441,0.887976587,0.38835296,-0.246332318,-0.3949247,0.918393075,0.0242637433,0.235652819,0.0757370517,0.968881726),["Hd"]=CFrame.new(7.75326043e-08,-4.47034836e-08,0.0182943344,0.999911547,0.0113671599,-0.00690567214,-0.0131469397,0.923356116,-0.383719444,0.00201459485,0.383776218,0.923423946)},[4.3333334922791]={["Lg"]=CFrame.new(-0.575379491,0.898921788,0.356204867,0.638097107,-0.388718814,0.664627731,0.402389944,0.90429908,0.142567366,-0.656440854,0.176467717,0.733447075),["To"]=CFrame.new(0.199526221,0.0110038295,-0.918193877,0.999789834,-0.0099589536,0.0179190747,0.0116900923,0.994993448,-0.0992541462,-0.0168408938,0.0994427651,0.994900763),["Ht"]=CFrame.new(0,0,0,1,0,0,0,1,0,0,0,1),["Lm"]=CFrame.new(-0.443948746,-0.389578342,-0.669696212,-0.510693729,0.334207147,-0.792147338,-0.845923066,-0.030672105,0.532422125,0.15364252,0.942000449,0.298377603),["Rm"]=CFrame.new(0.42702049,-0.119804084,-0.605731249,0.441352725,-0.703822494,0.556634426,0.767816305,-0.0248261914,-0.640188932,0.464398414,0.709942043,0.529449165),["Rg"]=CFrame.new(0.850839853,0.67574203,0.253913403,0.599104285,0.658290625,-0.455771267,-0.601696968,0.745710492,0.286141187,0.528237581,0.102807753,0.842849791),["Hd"]=CFrame.new(8.90067895e-08,3.7252903e-09,0.018294394,0.99999851,-0.00177732413,-9.52919945e-05,0.00176170398,0.996000171,-0.0893344134,0.000253683567,0.0893341303,0.99600172)},[5.3333334922791]={["Lg"]=CFrame.new(-0.905314386,0.151552558,-0.116338253,0.814821243,-0.570979774,-0.100242734,0.579656541,0.800070763,0.154547393,-0.00804218557,-0.184034854,0.982886851),["To"]=CFrame.new(0.107851744,0.0379262529,-0.390104085,0.990750611,0.13362132,0.0236387961,-0.131849766,0.989130318,-0.0650915578,-0.0320794769,0.0613727309,0.997599244),["Ht"]=CFrame.new(0,0,0,1,0,0,0,1,0,0,0,1),["Lm"]=CFrame.new(-0.0513577461,-0.139298856,0.466095805,-0.0681141913,0.980978191,-0.181775689,-0.965428531,-0.0188592523,0.259985089,0.251611531,0.193200052,0.94834882),["Rm"]=CFrame.new(0.241671771,-0.61215663,-0.480625123,-0.857300818,-0.232558131,0.459295213,0.508070588,-0.526140451,0.681938827,0.0830635056,0.817981005,0.569216549),["Rg"]=CFrame.new(0.706111789,0.271398723,0.209185123,0.913763583,0.306048155,-0.267153144,-0.337604314,0.937853694,-0.0803360194,0.225963861,0.163600132,0.96029973),["Hd"]=CFrame.new(9.37143341e-08,-5.96046448e-08,0.0182943642,0.895251274,-0.44555226,-0.0028851286,0.443201959,0.891157091,-0.0970106423,0.045794405,0.0855701491,0.995279253)},[6.3333334922791]={["Lg"]=CFrame.new(-0.483012676,0.225313067,0.0560118556,0.924511611,-0.294435263,0.242045969,0.193392858,0.90958184,0.367777288,-0.328447253,-0.293204457,0.897860587),["To"]=CFrame.new(0.014542195,0.300358415,-0.142910987,0.999059856,0.0414220206,0.0127920238,-0.0412273146,0.999035299,-0.0151268691,-0.0134062674,0.014585265,0.999803841),["Ht"]=CFrame.new(0,0,0,1,0,0,0,1,0,0,0,1),["Lm"]=CFrame.new(-0.530731738,0.693643332,-0.0924983323,-0.932554066,-0.220944628,0.285528362,0.263580918,-0.957112968,0.120248891,0.246714592,0.187398419,0.950796366),["Rm"]=CFrame.new(0.534831166,0.669143915,-0.115354598,-0.993905067,0.0122344559,0.109559,0.0146169178,-0.970422447,0.240970626,0.109266661,0.241103336,0.964328766),["Rg"]=CFrame.new(0.329106152,0.186169565,-0.0106392503,0.993173063,-0.0103877271,-0.116187312,0.0280156806,0.988115847,0.151136786,0.113236621,-0.153360099,0.981660962),["Hd"]=CFrame.new(8.19563866e-08,2.60770321e-08,0.0182943046,0.996567845,0.0821364,0.0103085916,-0.0825119391,0.995627224,0.043799255,-0.0066659986,-0.0444995165,0.998987257)},[7.3333334922791]={["Lg"]=CFrame.new(-0.766223252,0.552787542,0.425277531,0.982198656,0.0484525897,0.181488842,-0.0222340841,0.989356577,-0.143802851,-0.186524883,0.137207732,0.972821951),["To"]=CFrame.new(0.385986924,0.104298696,-0.514101744,0.995830238,0.0645886362,0.0644254982,-0.0607322343,0.996341825,-0.0601217188,-0.0680730045,0.055958312,0.996109784),["Ht"]=CFrame.new(0,0,0,1,0,0,0,1,0,0,0,1),["Lm"]=CFrame.new(-0.142763495,-0.214966536,0.236678481,-0.607195497,0.749193132,-0.264619172,-0.676508844,-0.312805206,0.666700065,0.41671288,0.58383435,0.696769655),["Rm"]=CFrame.new(-0.37190792,-0.208549082,-0.00793385506,0.959564149,0.0636383966,-0.274202228,-0.0283564776,0.991007686,0.130765423,0.280058235,-0.117702529,0.952740014),["Rg"]=CFrame.new(0.33709234,-0.354654312,0.190223217,0.872721195,0.186078846,-0.451367229,-0.440086842,0.700115025,-0.562283516,0.211379915,0.68935746,0.692895949),["Hd"]=CFrame.new(6.79865479e-08,-4.47034836e-08,0.018294245,0.997231841,-0.0698318332,-0.0255396366,0.0600051284,0.958647549,-0.278198272,0.0439105928,0.275895715,0.960184097)},[8.6666669845581]={["Lg"]=CFrame.new(-0.519466281,0.144607663,0.270046383,0.824208081,-0.0644769147,0.562604606,0.218398497,0.952830315,-0.210752398,-0.522478044,0.296575814,0.799412072),["To"]=CFrame.new(-0.368560284,0.0742745548,-0.363002777,0.983472586,-0.136273384,-0.119210914,0.124897487,0.987296045,-0.0982201248,0.131081253,0.0817076564,0.987998784),["Ht"]=CFrame.new(0,0,0,1,0,0,0,1,0,0,0,1),["Lm"]=CFrame.new(0.287761331,-0.0897019133,-0.11720641,-0.139426097,0.929521739,-0.341393888,-0.961725533,-0.209238425,-0.176927507,-0.235890687,0.303658843,0.923117995),["Rm"]=CFrame.new(0.266737282,-0.253891408,-0.859020829,0.875480235,-0.267035246,0.402773499,0.440535158,0.098392278,-0.892327189,0.198653102,0.958650708,0.203778833),["Rg"]=CFrame.new(0.237390816,0.63122189,-0.0935007781,0.849833846,0.190138742,-0.491558284,0.101599447,0.856065154,0.506784022,0.517165244,-0.480624259,0.708195329),["Hd"]=CFrame.new(1.29453838e-07,-8.38190317e-09,0.018294543,0.993477285,0.112796694,0.0167311691,-0.112244949,0.993200243,-0.0308938399,-0.0201020874,0.0288143456,0.999382675)},[2.8333332538605]={["Lg"]=CFrame.new(-1.12069011,0.226411462,-0.335434258,0.764179587,-0.168604091,-0.622577071,0.205818176,0.978512108,-0.0123665966,0.611284316,-0.118687391,0.782460809),["To"]=CFrame.new(0.256144315,-0.0388817824,-0.205118895,0.969794095,0.232927278,-0.0724178627,-0.239770189,0.964857996,-0.107514501,0.0448298976,0.121630572,0.991562545),["Ht"]=CFrame.new(0,0,0,1,0,0,0,1,0,0,0,1),["Lm"]=CFrame.new(0.202347517,0.0948184729,0.201925874,-0.148321673,0.449109137,0.881079793,-0.980580807,-0.18237783,-0.072109051,0.128304541,-0.87466532,0.46743843),["Rm"]=CFrame.new(0.506879926,-0.383925408,-0.0811448395,-0.923008144,-0.284162432,0.25943771,0.334500253,-0.925811768,0.176017374,0.190173,0.249247372,0.949584126),["Rg"]=CFrame.new(-0.100566886,0.295179963,0.216706306,0.397851497,0.221938312,-0.890200913,-0.199002892,0.968074262,0.152414083,0.895607173,0.116514325,0.429316223),["Hd"]=CFrame.new(1.37835741e-07,-1.49011612e-08,0.0182941854,0.980649173,-0.186259314,0.0602894463,0.19102858,0.977767885,-0.0864760056,-0.0428421237,0.0963196456,0.994428098)},[3.3333332538605]={["Lg"]=CFrame.new(-0.828495681,0.246079504,-0.208661377,0.873028457,0.0236134436,-0.487097323,0.0447191335,0.990742266,0.128179476,0.485614628,-0.133686915,0.863890111),["To"]=CFrame.new(0.30460158,-0.0326440409,-0.151184797,0.995927036,0.0878295973,-0.0203850195,-0.0900701806,0.979450941,-0.180453405,0.00411697617,0.181554496,0.983372271),["Ht"]=CFrame.new(0,0,0,1,0,0,0,1,0,0,0,1),["Lm"]=CFrame.new(-0.345354408,-0.627021372,-0.122702599,0.265868366,0.786369503,0.557617307,-0.963382959,0.237585902,0.124283597,-0.0347492285,-0.570242107,0.820741415),["Rm"]=CFrame.new(0.57845211,-0.622132957,0.126993358,-0.985844374,-0.153888717,0.0665529892,0.164868072,-0.961944997,0.217900082,0.0304879677,0.225787967,0.973699331),["Rg"]=CFrame.new(0.174529999,0.0635165572,0.239454448,0.752309799,0.151869088,-0.641066074,-0.247865036,0.966819227,-0.0618366152,0.610403776,0.20541808,0.764990509),["Hd"]=CFrame.new(1.52736902e-07,9.31322575e-10,0.018294394,0.997952282,-0.0593954921,-0.0237399619,0.0589949302,0.998109579,-0.0172319412,0.0247185901,0.0157961305,0.999569654)},[3.8333332538605]={["Lg"]=CFrame.new(-0.356370986,0.167119145,0.0912980735,0.876293778,-0.164539173,0.452809036,0.180151224,0.983599782,0.00877909269,-0.446827382,0.0738810971,0.891564369),["To"]=CFrame.new(0.198826283,0.10828393,-0.113471515,0.999938309,-0.010837255,-0.00244241883,0.010643946,0.99758172,-0.0686848238,0.00318086706,0.0686545968,0.997635424),["Ht"]=CFrame.new(0,0,0,1,0,0,0,1,0,0,0,1),["Lm"]=CFrame.new(0.034519434,-0.403538227,0.121172279,0.506315231,0.83235991,0.225437194,-0.485524505,0.491204977,-0.723176181,-0.71267873,0.2566998,0.652835667),["Rm"]=CFrame.new(-0.325184792,-0.216549695,0.0737381279,0.443430364,-0.888826549,-0.115572199,0.702924252,0.42485711,-0.570433259,0.556117892,0.171708852,0.813172221),["Rg"]=CFrame.new(0.45523721,0.031152904,0.166700423,0.862344265,0.363274723,-0.352695405,-0.379173905,0.924970448,0.0256310981,0.335543931,0.111629993,0.935387075),["Hd"]=CFrame.new(8.64965841e-08,2.98023224e-08,0.018294543,0.999354243,0.0357776619,0.00335707283,-0.0347660854,0.98625499,-0.161531523,-0.00909015164,0.161310509,0.986861885)},[4.6666665077209]={["Lg"]=CFrame.new(-0.244122162,0.574063718,0.088081032,0.717654943,-0.189649746,0.67007786,-0.0681443512,0.938462317,0.338592291,-0.693056762,-0.288654476,0.660568535),["To"]=CFrame.new(0.265996307,0.0136374813,-0.341825485,0.999047101,-0.00414555566,0.0434503853,0.00830163248,0.995355189,-0.0959121361,-0.04285096,0.0961814448,0.994441032),["Ht"]=CFrame.new(0,0,0,1,0,0,0,1,0,0,0,1),["Lm"]=CFrame.new(0.0798797607,-0.155681372,0.162420914,0.24945648,0.553445339,-0.794650793,-0.801273406,0.578782141,0.151565254,0.543812871,0.598923564,0.587841868),["Rm"]=CFrame.new(0.294499516,-0.00698013604,0.0068820715,0.971999824,-0.226352513,0.0630951673,0.0718413368,0.541911483,0.837359309,-0.223730475,-0.809380412,0.542999566),["Rg"]=CFrame.new(0.784765005,0.318492174,-0.0205579996,0.868195772,0.481860608,-0.118517965,-0.405525059,0.826625764,0.390178561,0.285981745,-0.290689379,0.9130795),["Hd"]=CFrame.new(6.33299351e-08,2.60770321e-08,0.0182942152,0.999843717,-0.000124723301,0.0176843032,0.00174909597,0.99576968,-0.0918681845,-0.017598033,0.0918847471,0.995614171)},[5.6666665077209]={["Lg"]=CFrame.new(-0.904347897,-0.194170833,0.37114957,0.0908129588,-0.947118402,0.307765752,0.96105808,0.164343074,0.222168282,-0.260998845,0.275605083,0.925160348),["To"]=CFrame.new(0.082616441,0.307738572,-0.0447807312,0.960643828,-0.27706778,0.0199213605,0.277228504,0.96078676,-0.00576200616,-0.0175437126,0.0110580036,0.999784946),["Ht"]=CFrame.new(0,0,0,1,0,0,0,1,0,0,0,1),["Lm"]=CFrame.new(-0.581761003,-0.847622812,-0.0677064955,-0.683976948,0.693920672,0.225054562,-0.62825489,-0.717112541,0.301737428,0.37077117,0.064989768,0.926447511),["Rm"]=CFrame.new(-0.0907304883,-0.0874195099,0.165922046,0.840739727,-0.0491648763,0.539202571,-0.0355915911,0.988696456,0.145645633,-0.540268302,-0.141641259,0.829486609),["Rg"]=CFrame.new(0.478319943,0.102368116,-0.0430883467,0.992307723,0.110668711,0.0554775298,-0.115423314,0.989098191,0.0914458036,-0.0447524637,-0.0971457809,0.99426353),["Hd"]=CFrame.new(8.19563866e-08,-1.49011612e-08,0.0182945132,0.959248304,0.274707913,-0.0661690682,-0.282476872,0.926451743,-0.248785183,-0.00704080192,0.257337987,0.966295838)},[6.6666665077209]={["Lg"]=CFrame.new(-0.350566894,0.150828898,0.178439379,0.713286281,-0.399005353,0.576209486,0.211321369,0.906307042,0.365993023,-0.668255925,-0.139292464,0.73077482),["To"]=CFrame.new(-0.0203378275,0.310725749,-0.188560054,0.983214617,0.165665805,-0.0764453784,-0.166300744,0.986073136,-0.00197155122,0.0750541016,0.0146513795,0.997071922),["Ht"]=CFrame.new(0,0,0,1,0,0,0,1,0,0,0,1),["Lm"]=CFrame.new(-0.140471101,-0.555930376,0.239146382,-0.792345166,0.404926717,0.45631519,-0.252806306,-0.898655295,0.358479738,0.555228114,0.168680266,0.814413071),["Rm"]=CFrame.new(0.398893207,0.338395298,-0.754139304,-0.74488169,-0.11191982,0.65774262,0.543828487,-0.672965705,0.50136596,0.386525422,0.731157541,0.562144816),["Rg"]=CFrame.new(0.113868684,0.269778073,0.0698592216,0.865314007,-0.047515925,-0.498972774,0.11678829,0.987209797,0.108523689,0.487434268,-0.152181357,0.859795809),["Hd"]=CFrame.new(6.70552254e-08,-7.4505806e-09,0.018294692,0.98311162,-0.170214787,0.0672202483,0.17538856,0.981202483,-0.0805015564,-0.0522541441,0.0909316614,0.994485259)},[7.6666665077209]={["Lg"]=CFrame.new(-0.578116894,0.693442464,0.0823253244,0.915822744,0.220972806,0.335320383,-0.344412982,0.8615942,0.372874111,-0.206515044,-0.456975311,0.865173578),["To"]=CFrame.new(0.110038847,-0.0870692581,-0.555358469,0.988550663,0.109527238,-0.103785478,-0.136309668,0.943206668,-0.302953631,0.0647094846,0.313631952,0.947337151),["Ht"]=CFrame.new(0,0,0,1,0,0,0,1,0,0,0,1),["Lm"]=CFrame.new(-0.142971992,-0.290531874,-0.394008964,0.285078108,-0.0961706415,-0.953667521,-0.488339037,0.841567457,-0.230844513,0.824776053,0.531521797,0.192948535),["Rm"]=CFrame.new(-0.400888622,-0.698601961,-0.207927287,0.530963957,0.383390337,-0.755704582,0.292953879,0.753761411,0.588236153,0.795144856,-0.533718705,0.287904531),["Rg"]=CFrame.new(0.0053614378,0.599560261,-0.176419973,0.804225743,-0.270667076,-0.529112756,0.514948964,0.761835277,0.39298147,0.296729654,-0.588512003,0.752067447),["Hd"]=CFrame.new(5.07570803e-08,-1.11758709e-07,0.018294096,0.99431175,0.105640657,0.013575064,-0.102102384,0.981680632,-0.160867915,-0.0303205792,0.158566758,0.986882567)},[9.3333330154419]={["Lg"]=CFrame.new(-1.40044391,0.0378882587,-0.52121973,0.373463988,-0.869341016,-0.323683321,0.758262634,0.0850797817,0.646373868,-0.534380496,-0.486834317,0.69096303),["To"]=CFrame.new(-0.956007957,0.280118585,-0.345150739,0.912465692,-0.395217806,0.105873913,0.37615332,0.912110746,0.162980661,-0.160981581,-0.108889446,0.980932236),["Ht"]=CFrame.new(0,0,0,1,0,0,0,1,0,0,0,1),["Lm"]=CFrame.new(0.495433837,-0.362009704,-0.212668389,-0.588581324,0.725380599,0.356924236,-0.415089428,0.107702717,-0.903383076,-0.693738341,-0.679869831,0.237706155),["Rm"]=CFrame.new(0.129608929,0.171024859,-0.158789501,-0.958499193,0.142607048,-0.246865407,-0.219272047,-0.922158837,0.318658352,-0.182206213,0.359564245,0.915158033),["Rg"]=CFrame.new(0.296438068,0.0646739006,0.25846234,0.733100533,0.439669639,-0.518897176,-0.500146687,0.865527093,0.0267649721,0.460887313,0.239903122,0.854417622),["Hd"]=CFrame.new(3.35276127e-08,1.49011612e-08,0.0182945728,0.939311862,0.322895646,0.115894556,-0.263122082,0.894847631,-0.360575497,-0.220136181,0.308198482,0.925501883)},[9.0333337783813]={["Lg"]=CFrame.new(-1.11098003,0.646701932,-0.148888737,0.731735349,-0.644315183,0.22230947,0.522009373,0.739489079,0.425043732,-0.438257545,-0.19497177,0.877448797),["To"]=CFrame.new(-0.897905827,0.205823153,-0.122792765,0.93046248,-0.34895438,0.11167118,0.343081445,0.936789691,0.0687052459,-0.12858738,-0.0256153457,0.9913674),["Ht"]=CFrame.new(0,0,0,1,0,0,0,1,0,0,0,1),["Lm"]=CFrame.new(0.356075227,-0.288851738,0.19700411,-0.251257896,0.390366197,0.885710835,-0.588638365,0.664775729,-0.459976315,-0.768358231,-0.636936128,0.0627544969),["Rm"]=CFrame.new(0.167542189,0.453507006,0.180541262,-0.60986501,-0.412478775,-0.676702261,0.16033332,-0.900437832,0.404357791,-0.776117206,0.138105541,0.615279555),["Rg"]=CFrame.new(-0.0178043544,0.0428954959,0.0865413845,0.805904031,0.205666035,-0.5551759,-0.233764619,0.972071469,0.0207686834,0.543942094,0.113042839,0.831473589),["Hd"]=CFrame.new(1.1920929e-07,1.49011612e-08,0.0182944834,0.939812005,0.313081652,0.13686955,-0.270143449,0.926082134,-0.263428032,-0.209226951,0.210598394,0.954920113)},[9.6999998092651]={["Lg"]=CFrame.new(-0.765010655,0.457122922,-0.0731511116,0.940742791,-0.328300327,0.0849820375,0.296221137,0.917513192,0.265372634,-0.165094078,-0.224473879,0.960393369),["To"]=CFrame.new(-0.129913867,-0.0725240707,-0.456949264,0.986603975,0.131538719,-0.0964891762,-0.145539433,0.97691828,-0.156361565,0.0736944377,0.168309927,0.982975543),["Ht"]=CFrame.new(0,0,0,1,0,0,0,1,0,0,0,1),["Lm"]=CFrame.new(0.00663763285,-0.499716908,-0.0108000785,0.281983078,0.892384768,-0.352328211,-0.946884632,0.199686214,-0.252061605,-0.154580802,0.40469119,0.901293397),["Rm"]=CFrame.new(-0.0368482471,-0.391763568,-0.150054365,0.114033639,-0.42486918,0.898043811,0.951476812,0.30675891,0.0243106261,-0.285811663,0.851695418,0.439233899),["Rg"]=CFrame.new(0.401772112,0.642760396,0.0668979138,0.922262609,0.10290134,-0.372616649,-0.0360635743,0.982618809,0.182097927,0.384878308,-0.154504269,0.909943521),["Hd"]=CFrame.new(6.89178705e-08,-2.23517418e-08,0.0182942748,0.998256922,-0.0358809121,0.0468586683,0.043099355,0.985607207,-0.163465261,-0.0403189585,0.16519995,0.985435724)},[4.6999998092651]={["Lg"]=CFrame.new(-0.287897646,0.613658071,0.15613091,0.691957116,-0.223656252,0.686420619,0.0182514731,0.955917478,0.293067664,-0.72170788,-0.190262035,0.665535986),["To"]=CFrame.new(0.24537909,0.0166110396,-0.348107308,0.999339223,-0.00337194186,0.0361935385,0.00669678161,0.995723665,-0.0921388939,-0.0357280783,0.0923203826,0.99508816),["Ht"]=CFrame.new(0,0,0,1,0,0,0,1,0,0,0,1),["Lm"]=CFrame.new(0.074078083,-0.211089239,0.0676514059,0.207602814,0.558987319,-0.8027668,-0.84581852,0.514838278,0.139758974,0.49141863,0.649980605,0.579683602),["Rm"]=CFrame.new(0.335942596,-0.0919606686,-0.255465925,0.88717258,-0.425620973,0.178245679,0.154847637,0.638489604,0.753892124,-0.434680372,-0.641231596,0.632356882),["Rg"]=CFrame.new(0.845191777,0.375335932,0.0457297862,0.823029697,0.532051682,-0.198854595,-0.451979339,0.825502574,0.33802402,0.344001263,-0.188325629,0.91988945),["Hd"]=CFrame.new(6.33299351e-08,7.4505806e-09,0.0182945728,0.999784887,0.00135056244,0.0206978116,0.000613071723,0.99551779,-0.0945727229,-0.020732766,0.0945650488,0.995302796)},[5.6999998092651]={["Lg"]=CFrame.new(-0.972996652,0.122835279,0.302761227,0.33364